,batch_size, neurons, layers, epochs,MAE
0,10,10,1,100,7.7864974136465035
1,10,10,1,300,9.666403060589328
2,15,10,1,100,22.62031875576485
3,15,10,1,300,17.152991357456024
4,5,5,1,100,14.255390240898656
5,5,5,1,300,9.078879575103342
6,20,10,1,300,35.1227694498891
7,20,20,1,300,35.015544907625966
8,15,15,2,100,26.819536580801977
9,15,7,2,100,24.661829561499506
10,15,15,2,300,21.147973951911492
11,15,7,2,300,16.549503651447257
12,20,20,2,100,41.818779740657256
13,15,20,2,100,23.76270473099061
14,20,20,2,300,37.19105625261681
15,15,20,2,500,28.669201541330892
16,5,5,3,100,15.980698129250639
17,5,5,3,300,16.576051037134057
18,5,10,3,100,17.799522373349237
19,5,10,3,300,18.14448922802873
20,10,10,3,100,15.725581453608182
21,15,15,3,300,17.68549938521947
22,20,20,3,300,36.415622318785985
23,20,15,3,100,33.48537769776118
24,20,5,3,100,36.54674839418946
25,20,5,3,300,30.03282604267054
26,10,10,4,200,23.07439011734269
27,20,20,4,400,38.040397418401895
28,5,10,4,400,20.473456607508282
