,batch_size, neurons, layers, epochs,MAE
0,10,10,1,50,22.541643073316273
1,10,10,1,100,15.341631508257006
2,15,10,1,50,24.769343018023758
3,15,10,1,100,17.681625450223372
4,15,10,1,150,13.87723856087071
5,5,5,1,50,24.769795346209364
6,5,5,1,100,19.147107555114605
7,20,10,1,100,13.8603085494786
8,20,20,1,100,10.111583910526106
9,15,15,2,50,29.156799416779474
10,15,7,2,50,47.56922645284549
11,15,15,2,100,15.873109310508708
12,15,7,2,100,21.850620107842808
13,20,20,2,100,12.948424280880143
14,15,20,2,100,14.002759394931413
15,20,20,2,200,9.97389324682224
16,15,20,2,150,10.153545273156876
17,5,5,3,100,36.350513021053345
18,5,5,3,200,14.125996519012661
19,5,10,3,100,16.897131932077833
20,5,10,3,200,9.381436831968953
21,10,10,3,100,20.54166073837161
22,10,10,3,200,9.834292505366042
23,15,15,3,100,28.841221790321367
24,15,15,3,200,13.689665410118083
25,20,20,3,100,18.956239008501708
26,20,20,3,200,12.277839400213272
27,20,15,3,100,16.588747871778462
28,20,10,3,100,21.628482668423352
29,20,5,3,100,26.106694333315374
30,20,5,3,200,18.848248159069684
